4374
17474
25884
15462
1540
7976
5892
18539
244
13626
12443
18553
12397
27402
7464
23563
3123
26768
29307
6170
4247
17072
17513
1538
4048
18653
24767
7167
9326
23879
32739
9990
32533
31326
25898
10683
26755
186
13645
28136
13984
285
15889
24072
30103
4429
4583
1868
18171
9413
4607
12532
787
4239
14048
21666
28484
25120
20901
23580
29064
21663
21312
24721
3440
11658
3953
24625
24673
10874
29898
18393
10099
19783
6010
30464
28370
17413
123
15799
2118
22193
7212
25167
30737
22488
814
2556
23893
14798
20884
30135
2026
16039
31515
29765
3392
2218
31395
12254
20000
17558
32121
26371
8833
28683
5253
28000
23528
8755
729
11624
14255
5095
29994
29714
28739
2383
18548
26602
29012
6585
23943
673
28824
13022
16681
12231
3194
27710
3445
13368
540
8148
28944
3136
30463
9929
1431
22670
10719
12153
32082
12546
21065
25276
23731
17726
13269
16516
